luna123,100010101,100010102,100010103
sofia_p,100010201,100010202,100010203,100020102
tech_mauro,100020101,100020102,100020103
dani_22,100010104,100010105
estrella,100020104,100020105
cristina_03,100030101,100030102,100030103
alejo_mix,100030104,100030105
rodrigo_,100030201,100030202
mateo_music,100030203,100030204,100030205
juanma_23,100040101,100040102,100040103
pipe88,100040104,100040105
tania_d,100010106,100010104
sergio_g,100020201,100020202
patricia_r,100020203,100020204
daniela_x,100020205,100020206
antonia_a,100030106,100030104
carla_z,100030105,100030203
natalia_r,100030204,100030205
